
== datasets
       day       prev       n  unch_all  unch_dl30  unch_likes  nbig  big_unch_all  big_unch_dl30      tot   d_dl30
2025-04-14 2025-04-13  355121     1.000      1.000       0.999  4880         1.000          1.000        0    -2472
2025-05-03 2025-05-02  374037     1.000      1.000       0.999  5227         1.000          1.000        0    -3296
2025-05-04 2025-05-03  374961     0.900      0.676       0.999  5228         0.368          0.092   537562 -7463839
2025-05-05 2025-05-04  375773     0.384      0.368       0.999  5234         0.146          0.098  1575064 -2396262
2025-06-16 2025-06-15  423373     1.000      1.000       0.999  5724         1.000          1.000        0    -2150
2025-06-17 2025-06-16  424077     0.341      0.341       0.999  5761         0.053          0.055  5201680  1964154
2025-06-18 2025-06-17  425063     0.711      0.672       0.999  5781         0.081          0.082  2784889  1167936
2025-06-19 2025-06-18  425962     1.000      1.000       0.999  5777         1.000          1.000        0    -1597
2025-06-20 2025-06-19  427245     0.219      0.227       0.999  5803         0.075          0.063  5534032  1495065
2025-06-21 2025-06-20  428169     0.640      0.432       0.999  5819         0.141          0.099  1919106  -383863
2025-06-25 2025-06-24  431237     1.000      1.000       0.999  5847         1.000          1.000        0    -1845
2025-06-26 2025-06-25  432070     1.000      1.000       0.999  5848         1.000          1.000      142     -327
2025-06-27 2025-06-26  432893     1.000      1.000       0.999  5848         1.000          1.000        0    -2295
2025-06-28 2025-06-27  433935     1.000      1.000       0.999  5848         1.000          1.000        0    -3947
2025-06-29 2025-06-28  434342     1.000      1.000       0.999  5847         1.000          1.000        0     -519
2025-07-16 2025-07-15  448313     1.000      1.000       0.999  6109         1.000          1.000        0    -1333
2025-07-23 2025-07-22  454599     1.000      1.000       0.999  6177         1.000          1.000        0    -3095
2025-08-13 2025-08-12  469779     1.000      1.000       0.999  6495         1.000          1.000        0    -3625
2025-08-14 2025-08-13  470873     0.679      0.340       0.999  6533         0.116          0.079  4702034   671531
2025-08-15 2025-08-14  472573     0.827      0.691       0.999  6546         0.137          0.130  2221392   294231
2025-08-16 2025-08-15  473686     1.000      1.000       0.999  6546         1.000          1.000        0    -4257
2025-08-17 2025-08-16  474417     1.000      1.000       0.999  6546         1.000          1.000        9     -455
2025-08-18 2025-08-17  475026     0.850      0.638       0.999  6554         0.129          0.086  1470332 -4051218
2025-08-19 2025-08-18  475937     1.000      0.476       0.999  6553         1.000          0.083     7258 -2043458
2025-08-20 2025-08-19  476936     1.000      1.000       0.999  6553         0.996          0.996    86850    18224
2025-09-10 2025-09-09  492338     1.000      1.000       0.999  6865         1.000          1.000        0    -3550
2025-09-15 2025-09-14  497061     0.688      0.637       0.999  6982         0.052          0.062  3144313  1329227
2025-09-17 2025-09-16  498770     1.000      1.000       0.999  6997         1.000          1.000        0    -8338
2025-10-01 2025-09-30  512130     1.000      1.000       0.999  7269         1.000          1.000        0    -2330
2025-10-08 2025-10-07  515670     1.000      1.000       0.999  7339         1.000          1.000        0    -2400
2025-10-09 2025-10-08  516796     0.589      0.299       0.999  7360         0.082          0.034  4072831 -3912429
2025-10-10 2025-10-09  517675     0.568      0.311       0.999  7375         0.089          0.065  2964436 -1660527
2025-10-15 2025-10-14  521716     1.000      1.000       0.999  7439         1.000          1.000        0    -3680
2025-12-17 2025-12-16  587519     1.000      1.000       0.999  8915         1.000          1.000        0    -6311
2025-12-18 2025-12-17  588731     0.360      0.344       0.999  8984         0.011          0.015  7475356   985057
2025-12-19 2025-12-18  590202     0.195      0.200       0.999  9078         0.007          0.010  9788391  6808022
2025-12-20 2025-12-19  591629     0.516      0.431       1.000  9144         0.045          0.043  6684224  3991870
2026-01-28 2026-01-27  697837     1.000      1.000       0.999 10300         1.000          1.000        0    -6432
2026-02-11 2026-02-10  736818     1.000      1.000       0.999 10903         1.000          1.000        0    -3785
2026-03-03 2026-03-02  792011     0.859      0.813       0.999 11932         0.145          0.116  4534859   827529
2026-03-12 2026-03-11  807360     1.000      0.821       1.000 12437         1.000          0.181      261 -6006499
2026-04-01 2026-03-31  833244     0.890      0.807       0.999 13575         0.272          0.151  1760890 -2589846
2026-04-29 2026-04-28  873512     1.000      1.000       0.999 14695         1.000          1.000      684    -4183
2026-05-12 2026-05-11  895862     1.000      1.000       0.999 15400         1.000          1.000        0    -1390
2026-05-20 2026-05-19  907135     0.595      0.568       0.999 15925         0.120          0.105  6969187  2598690
2026-06-12 2026-06-11  950132     0.765      0.650       0.999 17601         0.158          0.099 10029869 -6368219
2026-06-13 2026-06-12  952657     0.746      0.683       1.000 17631         0.178          0.129  4988418 -1619573
2026-06-15 2026-06-14  955332     1.000      1.000       0.999 17630         1.000          1.000        0   -24524
2026-06-25 2026-06-24  933295     0.721      0.616       0.999 18062         0.175          0.107  9622069 -2691898
2026-07-01 2026-06-30  925377     0.821      0.703       0.999 18446         0.207          0.146  9149287  1746736
2026-07-08 2026-07-07  933204     1.000      1.000       0.999 18733         1.000          1.000        0   -34921
2026-07-20 2026-07-19  950607     1.000      0.858       0.999 19322         1.000          0.243      850 -4606474
2026-07-21 2026-07-20  952004     0.826      0.751       0.999 19354         0.228          0.166  5650337   361210
2026-07-22 2026-07-21  953410     1.000      1.000       0.999 19350         1.000          1.000      428    -6644
2026-07-29 2026-07-28  962619     1.000      1.000       0.999 19795         1.000          1.000        0   -37721
2026-07-30 2026-07-29  963787     0.575      0.485       0.999 19889         0.070          0.060 14628217 -2520303
2026-07-31 2026-07-30  965362     0.371      0.409       1.000 19954         0.261          0.282  4582293  -578633
2026-08-01 2026-07-31  966769     0.520      0.473       1.000 20023         0.187          0.107  8965240 -1598059
2026-08-05 2026-08-04  970493     1.000      1.000       1.000 20181         1.000          1.000        0    -7144
2026-08-12 2026-08-11  980649     1.000      1.000       0.999 20455         1.000          1.000        0   -13459
2026-08-28 2026-08-27 1005418     1.000      0.675       0.999 21177         1.000          0.123     8854 -7484745
2026-08-29 2026-08-28 1007108     0.585      0.535       1.000 21320         0.090          0.080 26026204 18311642
2026-09-02 2026-09-01 1012920     1.000      1.000       0.999 21442         1.000          1.000        0   -38339
2026-09-03 2026-09-02 1014019     0.806      0.624       0.999 21478         0.300          0.257  6010365 -1627101
2026-09-09 2026-09-08 1021748     1.000      1.000       0.998 21816         1.000          1.000        0   -10344
2026-09-15 2026-09-14 1031188     0.720      0.432       0.999 22207         0.124          0.093  8557303  1827534

== models
       day       prev       n  unch_all  unch_dl30  unch_likes  nbig  big_unch_all  big_unch_dl30       tot     d_dl30
2025-04-14 2025-04-13  865054     0.896      0.835       0.999 24811         0.344          0.201  53876119  -24376998
2025-05-03 2025-05-02  888604     0.989      0.939       0.999 25414         0.742          0.421   6669855  -50712919
2025-05-04 2025-05-03  889862     0.972      0.826       0.999 25417         0.622          0.283   4969589  -71401836
2025-05-05 2025-05-04  890900     0.933      0.867       0.999 25432         0.474          0.304  35796700  -23437829
2025-07-16 2025-07-15  985041     0.950      0.929       0.999 27944         0.552          0.502  39648943   -3939233
2025-07-23 2025-07-22  993891     0.972      0.707       0.999 28607         0.511          0.326  46050610   -4741414
2025-08-13 2025-08-12 1020340     0.994      0.991       0.999 29527         0.874          0.864  23178116    2909439
2025-08-14 2025-08-13 1021807     0.817      0.652       0.999 29640         0.204          0.124 106566108   16781636
2025-08-15 2025-08-14 1024201     0.862      0.737       0.999 29681         0.293          0.192  64064292    1242781
2025-08-16 2025-08-15 1025743     1.000      1.000       0.999 29667         1.000          1.000         0    -184186
2025-08-17 2025-08-16 1027356     1.000      1.000       0.999 29666         1.000          1.000         0      -2086
2025-08-18 2025-08-17 1028668     0.872      0.570       0.999 29699         0.332          0.154  47752556 -155002991
2025-08-19 2025-08-18 1030074     1.000      0.867       0.999 29701         1.000          0.319     33173  -58162541
2025-08-20 2025-08-19 1031417     0.953      0.948       0.999 29710         0.546          0.525 162174759  119785210
2025-09-10 2025-09-09 1058764     0.992      0.987       0.999 30677         0.903          0.896  16079681     794158
2025-09-15 2025-09-14 1065521     0.871      0.782       0.999 30909         0.302          0.260  52946790    1041561
2025-09-17 2025-09-16 1067172     0.921      0.875       0.999 31009         0.350          0.308  59938479    3105297
2025-10-01 2025-09-30 1080292     0.965      0.790       0.999 31558         0.550          0.439  38150418   -5598079
2025-10-08 2025-10-07 1087591     0.989      0.975       0.999 31764         0.846          0.811  28399623    2802952
2025-10-09 2025-10-08 1088593     0.904      0.756       0.999 31826         0.385          0.202 105598847   19748978
2025-10-10 2025-10-09 1089651     0.926      0.842       0.999 31859         0.435          0.238  69482072    6500817
2025-10-15 2025-10-14 1092046     1.000      1.000       0.999 31832         1.000          1.000         0     -67493
2025-11-26 2025-11-25 1134014     0.992      0.991       0.999 32801         0.861          0.856  29945226    1468756
2025-12-01 2025-11-30 1140542     0.579      0.569       0.999 32461         0.122          0.116  52184826    1333132
2025-12-17 2025-12-16 1159177     0.974      0.973       0.999 33034         0.835          0.830  17618830  -13292645
2025-12-18 2025-12-17 1160504     0.790      0.723       0.999 33086         0.184          0.132  42999582  -65231109
2025-12-19 2025-12-18 1161831     0.559      0.545       0.999 33148         0.076          0.077 127943113   59810426
2025-12-20 2025-12-19 1163048     0.820      0.785       0.999 33183         0.169          0.156  63554390   -1586165
2026-01-28 2026-01-27 1204384     0.958      0.926       0.999 34503         0.510          0.466  32178366  -11622205
2026-02-11 2026-02-10 1220734     0.972      0.966       0.999 34980         0.691          0.665  41868627    3991573
2026-03-03 2026-03-02 1248148     0.897      0.845       0.999 35826         0.246          0.217  81065809   25834774
2026-03-12 2026-03-11 1258349     0.894      0.841       0.999 36158         0.255          0.193  87876391   14449249
2026-04-01 2026-03-31 1285022     0.916      0.858       0.999 36840         0.377          0.216  21100087  -59590949
2026-04-29 2026-04-28 1332463     0.957      0.909       0.999 38419         0.494          0.451  64739052   15892403
2026-05-12 2026-05-11 1353637     0.936      0.878       0.999 39253         0.482          0.424  65734215   12810790
2026-05-20 2026-05-19 1367419     0.825      0.759       0.999 39746         0.163          0.134  98818845    -984137
2026-06-12 2026-06-11 1415114     0.688      0.610       0.999 40892         0.155          0.107 158104975  -24243794
2026-06-13 2026-06-12 1418146     0.544      0.514       0.999 40645         0.041          0.034  15896065 -629370533
2026-06-15 2026-06-14 1422139     0.810      0.755       0.999 40796         0.200          0.178 117991652   31436298
2026-06-25 2026-06-24 1438567     0.892      0.817       0.999 41798         0.287          0.195  60885167  -32901967
2026-07-01 2026-06-30 1447784     0.813      0.735       0.999 42155         0.141          0.115 123350242   25677231
2026-07-08 2026-07-07 1458548     0.914      0.898       0.999 42590         0.473          0.476 127956232   66767074
2026-07-20 2026-07-19 1477392     1.000      0.866       0.999 43324         1.000          0.240     33774  -87801361
2026-07-21 2026-07-20 1479548     0.779      0.741       0.999 43380         0.202          0.176 106764091   25897708
2026-07-22 2026-07-21 1481598     0.835      0.819       0.999 43419         0.370          0.371 184603562  111146993
2026-07-29 2026-07-28 1494198     0.961      0.961       0.999 43912         0.805          0.809  48011519    4910426
2026-07-30 2026-07-29 1495764     0.519      0.507       0.999 44181         0.102          0.103 188797041   18740484
2026-07-31 2026-07-30 1497971     0.219      0.244       0.999 44267         0.056          0.072 126136283   16126842
2026-08-01 2026-07-31 1499723     0.898      0.823       0.999 44296         0.292          0.188  50883099  -50215081
2026-08-05 2026-08-04 1507112     0.977      0.962       0.998 44517         0.768          0.687  42145197  -18047592
2026-08-12 2026-08-11 1516004     0.962      0.960       0.999 44893         0.817          0.812  47916023   -3841581
2026-08-28 2026-08-27 1541353     1.000      0.632       0.999 46297         1.000          0.177     60438 -120716199
2026-08-29 2026-08-28 1543316     0.688      0.289       0.999 46445         0.095          0.069 188751190   67293723
2026-09-02 2026-09-01 1549214     0.905      0.864       0.999 46773         0.467          0.447  45776902  -29696346
2026-09-03 2026-09-02 1550200     0.786      0.653       0.999 46875         0.168          0.141  84273309  -70140082
2026-09-09 2026-09-08 1559418     0.991      0.987       0.999 47461         0.915          0.918  19806452   -3481730
2026-09-15 2026-09-14 1569385     0.529      0.507       0.998 48607         0.086          0.105 103873510   15511484
